                   999                   999 -0.075
                   999                   999 -0.025
                   999                   999 -0.025
                   999                   999      0
                   999                   999  -0.05
                   999                   999 -0.975
                   999                   999   -1.5
  5.58166666666667E-02                   999 -0.725
               0.05235                   999 -0.275
  1.67333333333333E-02                   999 -0.125
 -7.61666666666667E-03                   999 -0.075
               0.00125                   999  -0.35
                 0.018                   999  -0.25
  2.23333333333333E-02                   999 -0.125
  9.03333333333333E-02                   999  -0.05
     0.144166666666667                   999 -0.025
     0.150816666666667                   999      0
     0.120883333333333                   999      0
               0.08655                   999 -0.025
  7.69666666666667E-02                   999 -0.025
  5.58333333333333E-02                   999 -0.025
                0.0327                   999 -0.025
               0.03615    -0.736133333333333 -0.075
  2.55666666666667E-02    -0.902333333333333  -0.05
               0.05515              -0.53835 -0.025
               0.13605               -0.2563  -0.15
     0.165266666666667              -0.21355 -0.125
     0.170733333333333               -0.0739 -0.075
     0.183616666666667  7.47666666666667E-02  -0.05
     0.130133333333333    -0.259383333333333 -0.025
  3.30666666666667E-02               -0.4788 -0.025
 -7.21666666666666E-03              -0.24625 -0.025
 -2.46666666666667E-02               -0.0568 -1.175
 -8.63333333333333E-03    -0.169466666666667 -3.575
  2.07166666666667E-02    -0.188066666666667 -1.575
               0.06615     0.123066666666667   -0.9
               0.12085  2.75333333333334E-02 -0.925
                0.0968    -0.341583333333333  -0.55
  7.90833333333333E-02    -0.178083333333333 -0.725
  3.65166666666667E-02               -0.2806 -0.975
              -0.00355    -0.895166666666667  -0.75
              -0.09185     -1.09648333333333  -0.55
 -8.18333333333333E-02    -0.892766666666667 -0.225
 -6.73666666666667E-02    -0.772966666666667   -0.1
 -2.70333333333333E-02    -0.458633333333333 -0.025
 -1.10666666666667E-02    -0.193183333333333  -0.45
                0.0632  8.08333333333333E-02 -0.425
                0.1016     0.335983333333333   -0.3
  9.79833333333333E-02     0.201566666666667 -0.125
               0.05575               0.33685  -0.05
  2.46666666666668E-03                0.4468 -0.025
              -0.09235     0.366283333333333   -0.5
    -0.152183333333333     0.438133333333333   -1.8
               -0.1843                0.4274   -0.8
    -0.209183333333333     0.109683333333333 -0.325
    -0.196483333333333 -5.75166666666667E-02 -0.175
    -0.154266666666667    -0.285716666666667 -0.225
    -0.163083333333333              -0.88105  -0.25
    -0.190983333333333               -0.9512   -0.1
                -0.191              -0.81555 -0.075
    -0.242333333333333    -0.609466666666667  -0.05
              -0.27275    -0.189383333333333 -0.475
    -0.204333333333333     0.266533333333333   -0.6
    -0.176716666666667               0.08805  -0.25
              -0.18685    -0.226266666666667   -0.1
              -0.16125    -0.217783333333333 -0.075
              -0.14035    -0.171233333333333  -0.05
                -0.226               -0.2733  -0.05
               -0.2547    -0.111083333333333  -0.05
              -0.26275                0.0951 -0.225
    -0.275383333333333  9.79666666666666E-02   -0.2
    -0.268516666666667    -0.248283333333333 -0.075
              -0.23325               -0.1972 -0.025
               -0.1719  7.89666666666667E-02 -0.075
 -8.57333333333333E-02     0.154233333333333 -0.075
 -2.18833333333333E-02     0.120716666666667  -0.05
 -1.35333333333333E-02     0.311283333333333  -0.05
               0.02075     0.475166666666667 -0.125
  3.94666666666667E-02     0.494366666666667  -0.25
  6.33666666666667E-02     0.597016666666667  -0.15
                0.1032     0.465133333333333 -0.125
     0.124133333333333     0.323233333333333   -0.2
     0.125583333333333  8.00666666666666E-02 -0.175
     0.120033333333333 -5.13833333333333E-02   -0.1
               0.13305    -0.143066666666667   -0.1
     0.142716666666667    -0.175666666666667 -0.075
                 0.166    -0.109483333333333 -0.075
               0.15645     0.114083333333333 -0.125
                0.1611     0.391333333333333   -0.1
                 0.139                0.3556 -0.075
  9.72833333333333E-02     0.451516666666667  -0.05
     0.145183333333333     0.457066666666667   -0.1
                 0.195     0.183433333333333   -0.1
     0.163883333333333    -0.159133333333333  -0.05
     0.110016666666667              -0.19255  -0.05
                0.1058               -0.1031  -0.05
                0.0542    -0.171366666666667  -0.05
  8.33333333333333E-03    -0.379066666666667  -0.05
                 0.045              -0.34685 -0.075
               0.12085    -0.254516666666667 -0.075
               0.17105               -0.1848  -0.05
     0.161183333333333               -0.2146   -0.1
     0.201316666666667    -0.264366666666667 -0.075
                0.1568              -0.54355   -0.1
     0.105933333333333              -0.41445  -0.05
               0.09585    -0.283333333333333 -0.025
                0.0978 -7.97833333333333E-02 -0.025
     0.106383333333333               0.21575      0
     0.130166666666667     0.456933333333333      0
     0.136483333333333     0.171683333333333 -0.125
  9.46166666666667E-02  1.94833333333334E-02 -0.275
  6.49666666666666E-02    -0.197966666666667 -0.325
                -0.014              -0.01735  -1.15
              -0.03305     0.119116666666667   -1.8
 -6.70666666666667E-02     0.117533333333333 -1.075
               -0.1014  6.11666666666666E-03 -0.575
 -8.04333333333333E-02     0.314233333333333 -0.375
               -0.0692  5.72833333333333E-02 -0.675
               -0.1326    -0.353416666666667  -0.85
    -0.183866666666667 -5.20000000000005E-03 -0.425
    -0.193783333333333 -2.71500000000001E-02  -0.15
    -0.279966666666667    -0.472683333333333   -0.1
    -0.319316666666667              -0.65865   -0.2
               -0.3298    -0.399033333333333 -0.325
    -0.297016666666667    -0.481716666666667  -0.75
              -0.28985    -0.354133333333333  -0.35
               -0.2278  2.06166666666666E-02 -0.125
              -0.17165     0.440866666666667   -0.2
              -0.11405               0.47435 -0.225
    -0.118566666666667                 0.603 -0.125
 -9.65333333333333E-02     0.894916666666667 -0.125
    -0.115766666666667     0.731916666666667 -1.325
    -0.165266666666667                0.4891 -1.875
               -0.2047     0.579683333333333  -0.75
    -0.148616666666667     0.688083333333333 -0.325
              -0.13525               0.20845  -0.35
    -0.110016666666667  8.89833333333333E-02  -0.25
 -6.39833333333334E-02               0.27125   -0.2
 -3.51833333333333E-02     0.335116666666667  -0.15
               -0.0921     0.260233333333333  -0.15
    -0.132983333333333     0.618816666666667  -1.35
               -0.1516     0.960016666666667 -3.025
               -0.1167     0.970066666666667 -1.225
               -0.1017     0.746716666666667   -0.5
               -0.0473     0.815166666666667  -0.25
                0.0695     0.764116666666667 -0.175
               0.12865     0.386216666666667 -0.125
     0.107483333333333               0.14715 -0.075
     0.143066666666667     0.135133333333333  -0.05
               0.14595               -0.1105  -0.05
               0.11795              -0.18725  -0.05
               0.13585     0.104866666666667  -0.05
     0.188816666666667                0.2873 -0.075
     0.218666666666667     0.444165026903203  -0.05
     0.235416666666667       0.2617213780849 -0.075
                0.2171      0.02215352372572   -0.1
     0.183966666666667  3.57287458670375E-02   -0.1
     0.195833333333333 -7.72291651658359E-02   -0.1
     0.163216666666667    -0.344562067321349 -0.125
     0.176816666666667    -0.238779466909667   -0.1
     0.182816666666667                   999 -0.125
