year	land_heat land_unc	ice_h	ice_u	upper_ocean_h	upper_ocean_u	deep_ocean_h	deep_ocean_u	atmos_h	atmos_u total_h	total_u
   1.9585000e+03  -2.5480000e+00   2.0800000e-01  -5.7744915e-01   5.4290838e-01   4.5947460e+01   8.1181274e+01  -1.1400000e+01   1.8000000e+00   0.0000000e+00   7.2302066e-01   3.1422011e+01   8.1206527e+01
   1.9595000e+03  -2.3520000e+00   1.9200000e-01  -5.7744915e-01   5.4290838e-01   4.0875147e+01   7.6936614e+01  -9.0300000e+00   2.0000000e+00   0.0000000e+00   7.2302066e-01   2.8915698e+01   7.6968155e+01
   1.9605000e+03  -2.1560000e+00   1.7600000e-01  -5.7744915e-01   5.4290838e-01   1.0094116e+01   7.5763869e+01  -6.5000000e-01   1.7500000e+00   0.0000000e+00   7.2302066e-01   6.7106671e+00   7.5789675e+01
   1.9615000e+03  -1.9600000e+00   1.6000000e-01  -5.7744915e-01   5.4290838e-01   2.6248371e+01   7.0493139e+01  -2.9000000e-01   1.9200000e+00   0.0000000e+00   7.2302066e-01   2.3420922e+01   7.0525259e+01
   1.9625000e+03  -1.7640000e+00   1.4400000e-01  -5.1632715e-01   5.0641613e-01   3.3883391e+01   6.7648129e+01   5.0900000e+00   2.2300000e+00   0.0000000e+00   7.2302066e-01   3.6693064e+01   6.7690784e+01
   1.9635000e+03  -1.5680000e+00   1.2800000e-01  -4.5520515e-01   4.7018805e-01   3.5985379e+01   6.1934699e+01   3.2800000e+00   2.7400000e+00   0.0000000e+00   7.2302066e-01   3.7242174e+01   6.2001409e+01
   1.9645000e+03  -1.3720000e+00   1.1200000e-01  -3.9374915e-01   4.3368172e-01   2.2824325e+01   5.6513763e+01   1.7100000e+00   2.9700000e+00   0.0000000e+00   7.2302066e-01   2.2768576e+01   5.6598142e+01
   1.9655000e+03  -1.1760000e+00   9.6000000e-02  -3.3262715e-01   3.9732126e-01   2.6762383e+01   5.5643436e+01   1.8300000e+00   3.5300000e+00   0.0000000e+00   7.2302066e-01   2.7083756e+01   5.5761480e+01
   1.9665000e+03  -9.8000000e-01   8.0000000e-02  -2.8352915e-01   3.8745245e-01   2.8522683e+01   5.3810157e+01   6.3000000e-01   3.7300000e+00   0.0000000e+00   7.2302066e-01   2.7889154e+01   5.3945576e+01
   1.9675000e+03  -7.8400000e-01   6.4000000e-02  -2.3443115e-01   3.7755644e-01   1.5379293e+01   5.2637518e+01   2.6400000e+00   3.8500000e+00   0.0000000e+00   7.2302066e-01   1.7000862e+01   5.2784470e+01
   1.9685000e+03  -5.8800000e-01   4.8000000e-02  -1.8533315e-01   3.6763420e-01  -7.6831594e+00   4.6995168e+01  -8.1000000e-01   3.8200000e+00   0.0000000e+00   7.2302066e-01  -9.2664925e+00   4.7157168e+01
   1.9695000e+03  -3.9200000e-01   3.2000000e-02  -1.3623515e-01   3.5768679e-01  -2.2388856e+01   4.4984130e+01  -1.8100000e+00   3.9600000e+00   0.0000000e+00   7.2302066e-01  -2.4727091e+01   4.5165310e+01
   1.9705000e+03  -1.9600000e-01   1.6000000e-02  -8.7137152e-02   3.4771539e-01  -1.0287883e+01   4.3150241e+01  -1.9400000e+00   3.9800000e+00   0.0000000e+00   7.2302066e-01  -1.2511020e+01   4.3340831e+01
   1.9715000e+03   0.0000000e+00   0.0000000e+00  -4.3717152e-02   3.4195049e-01   0.0000000e+00   4.4158589e+01   0.0000000e+00   4.3300000e+00   0.0000000e+00   7.2302066e-01  -4.3717152e-02   4.4377580e+01
   1.9725000e+03   1.9600000e-01   1.6000000e-02   3.6847906e-05   3.3618327e-01   7.7228212e+00   4.4323841e+01   4.7800000e+00   5.0900000e+00   0.0000000e+00   7.2302066e-01   1.2698858e+01   4.4622271e+01
   1.9735000e+03   3.9200000e-01   3.2000000e-02   4.3456848e-02   3.3041401e-01   6.7761840e+00   4.7442036e+01   1.0680000e+01   4.5000000e+00   0.0000000e+00   7.2302066e-01   1.7891641e+01   4.7661617e+01
   1.9745000e+03   5.8800000e-01   4.8000000e-02   8.6876848e-02   3.3041401e-01   3.9563861e-01   5.0309352e+01   1.1110000e+01   4.2900000e+00   0.0000000e+00   7.2302066e-01   1.2180515e+01   5.0498210e+01
   1.9755000e+03   7.8400000e-01   6.4000000e-02   1.3063085e-01   3.2464298e-01  -1.0295410e+01   5.1103180e+01   2.0850000e+01   4.3700000e+00   0.0000000e+00   7.2302066e-01   1.1469220e+01   5.1295850e+01
   1.9765000e+03   9.8000000e-01   8.0000000e-02   2.0010285e-01   3.1887048e-01  -4.6475179e+00   4.9453908e+01   1.5590000e+01   4.6300000e+00   0.0000000e+00   7.2302066e-01   1.2122585e+01   4.9676522e+01
   1.9775000e+03   1.1760000e+00   9.6000000e-02   2.6957485e-01   3.1887048e-01  -4.9036951e+00   4.8346267e+01   1.0660000e+01   4.1300000e+00   0.0000000e+00   7.2302066e-01   7.2018798e+00   4.8528879e+01
   1.9785000e+03   1.3720000e+00   1.1200000e-01   3.3904685e-01   3.1887048e-01   1.4896244e+01   4.5601258e+01   1.1070000e+01   4.2000000e+00   0.0000000e+00   7.2302066e-01   2.7677291e+01   4.5801220e+01
   1.9795000e+03   1.5680000e+00   1.2800000e-01   4.0851885e-01   3.1309684e-01   2.7441231e+01   4.5101938e+01   5.1500000e+00   4.1000000e+00   0.0000000e+00   7.2302066e-01   3.4567749e+01   4.5294944e+01
   1.9805000e+03   1.7640000e+00   1.4400000e-01   4.7799085e-01   3.1309684e-01   4.5856734e+01   4.5124467e+01  -2.6400000e+00   4.2500000e+00   6.5421562e-01   5.0535516e-01   4.6112940e+01   4.5328294e+01
   1.9815000e+03   1.9600000e+00   1.6000000e-01   5.5925179e-01   3.1233752e-01   5.6481160e+01   4.7995956e+01   1.2000000e+00   3.7200000e+00   6.4468351e-01   6.9577688e-01   6.0845095e+01   4.8146209e+01
   1.9825000e+03   2.1560000e+00   1.7600000e-01   6.7464343e-01   3.1163742e-01   5.3787468e+01   4.6571890e+01   4.6600000e+00   4.0700000e+00  -1.3436771e-01   5.2253722e-01   6.1143743e+01   4.6753684e+01
   1.9835000e+03   2.3520000e+00   1.9200000e-01   8.1998731e-01   3.0875207e-01   4.4659877e+01   4.4489546e+01   8.3300000e+00   4.4800000e+00   1.3468607e+00   9.9618351e-01   5.7508725e+01   4.4727113e+01
   1.9845000e+03   2.5480000e+00   2.0800000e-01   9.9244102e-01   3.0828091e-01   3.0002483e+01   4.1823964e+01   1.3270000e+01   4.3600000e+00  -1.2241158e+00   6.9796292e-01   4.5588808e+01   4.2058044e+01
   1.9855000e+03   2.7440000e+00   2.2400000e-01   1.1878261e+00   3.0791496e-01   3.0384305e+01   4.1104326e+01   1.8590000e+01   4.0500000e+00  -1.6203634e+00   4.9061918e-01   5.1285768e+01   4.1308036e+01
   1.9865000e+03   2.9400000e+00   2.4000000e-01   1.4002941e+00   3.0765644e-01   3.9044903e+01   3.9358906e+01   1.6780000e+01   4.3500000e+00  -7.7334099e-01   5.2473635e-01   5.9391856e+01   3.9603959e+01
   1.9875000e+03   3.1360000e+00   2.5600000e-01   1.6290066e+00   3.0750675e-01   5.7485318e+01   3.7697237e+01   2.0690000e+01   4.0600000e+00   7.7101461e-01   7.5607108e-01   8.3711339e+01   3.7924886e+01
   1.9885000e+03   3.3320000e+00   2.7200000e-01   1.8707872e+00   3.0746690e-01   6.7922146e+01   3.6016854e+01   2.1090000e+01   4.2000000e+00   6.0258958e-01   8.0260978e-01   9.4817522e+01   3.6272117e+01
   1.9895000e+03   3.5280000e+00   2.8800000e-01   2.1214573e+00   3.0753761e-01   7.8686202e+01   3.2031118e+01   1.6340000e+01   3.8600000e+00  -5.1868830e-01   5.9094175e-01   1.0015697e+02   3.2271022e+01
   1.9905000e+03   3.7240000e+00   3.0400000e-01   2.3778406e+00   3.0771937e-01   8.3758029e+01   2.8441302e+01   9.7800000e+00   3.4100000e+00   7.3781311e-01   8.9482263e-01   1.0037768e+02   2.8662232e+01
   1.9915000e+03   3.9200000e+00   3.2000000e-01   2.6394327e+00   3.0463715e-01   7.5722860e+01   2.3635241e+01   2.3500000e+01   3.0100000e+00   1.2475449e+00   7.4873404e-01   1.0702984e+02   2.3841991e+01
   1.9925000e+03   4.1160000e+00   3.3600000e-01   2.8528402e+00   3.1141670e-01   7.7456678e+01   1.9373610e+01   2.3334516e+01   3.0412376e+00  -1.5475236e-01   7.7792309e-01   1.0760528e+02   1.9631631e+01
   1.9935000e+03   4.3120000e+00   3.5200000e-01   3.1391346e+00   3.1696155e-01   8.1728847e+01   1.6469410e+01   2.2109032e+01   2.7757169e+00  -6.0931327e-01   6.5107958e-01   1.1067970e+02   1.6721075e+01
   1.9945000e+03   4.5080000e+00   3.6800000e-01   3.4457242e+00   3.2315148e-01   9.3274644e+01   1.4685061e+01   2.5493548e+01   3.0437862e+00   1.1661975e-01   4.7311960e-01   1.2683854e+02   1.5012640e+01
   1.9955000e+03   4.7040000e+00   3.8400000e-01   3.7047368e+00   3.2955281e-01   1.0612032e+02   1.5055214e+01   3.2318064e+01   3.5043426e+00   8.7176149e-01   7.0521073e-01   1.4771889e+02   1.5482030e+01
   1.9965000e+03   4.9000000e+00   4.0000000e-01   3.9466297e+00   3.3392538e-01   1.1657294e+02   1.5289944e+01   3.4372580e+01   4.3640064e+00   5.1521779e-02   5.2269459e-01   1.5984367e+02   1.5917652e+01
   1.9975000e+03   5.0960000e+00   4.1600000e-01   4.1839412e+00   3.3990779e-01   1.1331505e+02   1.5805070e+01   3.4337096e+01   5.2565139e+00   5.3207680e-01   7.1339686e-01   1.5746417e+02   1.6680189e+01
   1.9985000e+03   5.2920000e+00   4.3200000e-01   4.4196237e+00   3.4559253e-01   9.7872276e+01   1.6187457e+01   4.5191612e+01   6.1985141e+00   3.5075948e+00   1.2015534e+00   1.5628311e+02   1.7384048e+01
   1.9995000e+03   5.4880000e+00   4.4800000e-01   4.6395790e+00   3.5123593e-01   8.7098462e+01   1.8499593e+01   4.5846128e+01   6.0536409e+00   5.5882897e-01   6.2364982e-01   1.4363100e+02   1.9483185e+01
   2.0005000e+03   5.6840000e+00   4.6400000e-01   4.8370750e+00   3.5746302e-01   8.8955190e+01   2.1197583e+01   4.6770644e+01   5.9751830e+00   4.0546566e-01   6.6687820e-01   1.4665237e+02   2.2041509e+01
   2.0015000e+03   5.8800000e+00   4.8000000e-01   5.1019959e+00   3.6330062e-01   1.0668619e+02   2.2634153e+01   5.2325160e+01   5.5382856e+00   1.5798111e+00   7.9867833e-01   1.7157316e+02   2.3323331e+01
   2.0025000e+03   6.0760000e+00   4.9600000e-01   5.3979624e+00   3.7138718e-01   1.1406194e+02   2.0963812e+01   5.5499676e+01   5.7132000e+00   2.0929881e+00   6.3565732e-01   1.8312856e+02   2.1746495e+01
   2.0035000e+03   6.2720000e+00   5.1200000e-01   5.7093796e+00   3.7964803e-01   1.2602223e+02   1.7660815e+01   5.5124192e+01   6.0774217e+00   2.0636813e+00   5.3100442e-01   1.9519149e+02   1.8695659e+01
   2.0045000e+03   6.4680000e+00   5.2800000e-01   5.8773055e+00   3.8813746e-01   1.2614890e+02   1.4258022e+01   6.1398708e+01   6.5466943e+00   1.2513923e+00   7.0394113e-01   2.0114430e+02   1.5718631e+01
   2.0055000e+03   6.6640000e+00   5.4400000e-01   6.1052383e+00   3.9951190e-01   1.3571966e+02   1.1688643e+01   6.4633224e+01   7.0442040e+00   1.9745234e+00   5.9785595e-01   2.1509664e+02   1.3676920e+01
   2.0065000e+03   6.8600000e+00   5.6000000e-01   6.7263280e+00   4.1389812e-01   1.4035570e+02   9.9108994e+00   6.7917740e+01   7.5361108e+00   1.3114671e+00   4.0550428e-01   2.2317123e+02   1.2476708e+01
   2.0075000e+03   7.0560000e+00   5.7600000e-01   7.0810749e+00   4.2664917e-01   1.4855970e+02   9.2372023e+00   7.0062256e+01   8.0290208e+00   1.5068214e+00   8.2660504e-01   2.3426586e+02   1.2287724e+01
   2.0085000e+03   7.2520000e+00   5.9200000e-01   7.3121695e+00   4.3514326e-01   1.5768768e+02   8.9120198e+00   7.7786772e+01   8.5462176e+00   7.5756415e-02   7.1702286e-01   2.5011438e+02   1.2390152e+01
   2.0095000e+03   7.4480000e+00   6.0800000e-01   7.5566909e+00   4.4167141e-01   1.6571868e+02   9.0904858e+00   8.1571288e+01   9.0332966e+00   1.3129194e+00   8.0193056e-01   2.6360758e+02   1.2862551e+01
   2.0105000e+03   7.6440000e+00   6.2400000e-01   7.7345459e+00   4.4608066e-01   1.7210115e+02   9.8780296e+00   8.2945804e+01   1.0849305e+01   3.0779570e+00   7.7337142e-01   2.7350345e+02   1.4712897e+01
   2.0115000e+03   7.8400000e+00   6.4000000e-01   7.9493413e+00   4.4926673e-01   1.7556072e+02   1.1450362e+01   8.7600320e+01   1.1196219e+01   7.4954331e-01   7.4336470e-01   2.7969993e+02   1.6050861e+01
